[Auxiliary]
CentreMassBool=0
CentreMassColor=0 0 0 1
CentreShapeBool=0
CentreShapeColor=0 0 0 1
CollisionDropBool=1
CollisionDropColor=0.978903 0.020652 0.020652 1
CollisionDropToCenterOfGravityBool=1
CollisionDropToCenterOfGravityColor=0.0532678 0.0881716 0.742616 1
ForceBool=1
ForceColor=0.0264203 0.619801 0.894515 1
OldPosBool=0
OldPosColor=0 0 0 1
PosBool=1
PosColor=0.599918 0.230216 0.814346 1
SeparateNormalVectorBool=1
SeparateNormalVectorColor=0.970464 0.970464 0.970464 1
SpeedBool=1
SpeedColor=1 0.911392 0 1
OutlineBool=0
OutlineColor=1 0.911392 0 1
AngleBool=1
AngleColor=1 0.911392 0 1